,SSS_Total,MACHI_Total,BIS_Total,SSQ_Total,VRSQ_Total,PQ_Total
SSS_Total,1.0,0.56,0.1,0.21,0.07,-0.34
MACHI_Total,0.56,1.0,0.52,0.46,0.31,-0.61
BIS_Total,0.1,0.52,1.0,0.16,0.18,-0.14
SSQ_Total,0.21,0.46,0.16,1.0,0.94,-0.4
VRSQ_Total,0.07,0.31,0.18,0.94,1.0,-0.31
PQ_Total,-0.34,-0.61,-0.14,-0.4,-0.31,1.0
